10
1 10
0
3 12
2 4
3 14
6
5 16 7
6 8
18 7
19
0 20 11
10 21
2 13
12 23
4 15
14 25
6 26
18
8 19 17
18 9 29
10 30
11 22
21 32
13 24 33
23 34
15 26
16 25
28 37
38 27
19 39
20 31
30
22 33 42
23 32 43
24 35
34
46 37
27 36
28 48
29 49
41 50
40
52 32
33 44
43 45
44 46
45 36
48 57
38 47 58
39 59
40 60
52
51 42
54
53 55
54 65 56
55 57
47 56
48 68
49 69
50 61
60 62
61 72
64 73
63 65
55 75 64
67 76
68 66
58 67
59
71 80
70 72
71 62
63 83
84
85 65
66 86
78
79 77
89 78
70 90
91 82
81 83
73 82
74 85
75 84
76 87 96
86 97 88
87 98
79 99
91 80
81 90
93
92 94
93 95
94 96
95 86
87
88 99
98 89
99