UCS
Time: 81
Expand nodes: 0 1 10 11 20 21 30 22 31 32 33 42 23 43 52 13 24 44 51 12 34 45 2 35 46 3 36 4 37 14 27 15 28 25 38 26 48 16 47 58 6 57 68 5 7 56 67 8 55 66 18 54 65 76 17 19 53 64 75 86 9 29 63 85 87 96 39 73 84 88 95 97 49 74 83 94 98 59 82 93 99 
Path: 0 10 11 21 22 32 33 43 44 45 46 36 37 27 28 38 48 58 68 67 66 76 86 87 88 98 99 
IDS
Time: 80
Expand nodes: 0 1 10 11 20 21 30 22 31 32 33 42 23 43 52 13 24 44 51 12 34 45 2 35 46 3 36 4 37 14 27 15 28 25 38 26 48 16 47 58 6 57 68 5 7 56 67 8 55 66 18 54 65 76 17 19 53 64 75 86 9 29 63 85 87 96 39 73 84 88 97 95 49 83 74 98 94 59 82 99 
Path: 0 10 11 21 22 32 33 43 44 45 46 36 37 27 28 38 48 58 68 67 66 76 86 87 88 98 99 
GBFS
Time: 27
Expand nodes: 0 1 10 11 21 22 32 33 43 44 45 46 36 37 27 28 38 48 58 68 67 66 76 86 87 88 98 
Path: 0 10 11 21 22 32 33 43 44 45 46 36 37 27 28 38 48 58 68 67 66 76 86 87 88 98 99 
A*
Time: 52
Expand nodes: 0 1 10 11 20 21 22 30 31 32 33 42 43 44 45 46 52 23 24 34 35 36 37 51 13 27 28 38 48 58 68 12 47 57 67 2 3 4 14 15 25 26 56 66 76 86 87 88 96 97 98 99 
Path: 0 10 11 21 22 32 33 43 44 45 46 36 37 27 28 38 48 58 68 67 66 76 86 87 88 98 99 
